                            OLS Regression Results                            
==============================================================================
Dep. Variable:                 CFV12Q   R-squared:                       1.000
Model:                            OLS   Adj. R-squared:                    nan
Method:                 Least Squares   F-statistic:                 6.352e+28
Date:                Sat, 01 Nov 2025   Prob (F-statistic):                nan
Time:                        15:50:03   Log-Likelihood:                 1746.8
No. Observations:                  50   AIC:                            -3394.
Df Residuals:                       0   BIC:                            -3298.
Df Model:                          49                                         
Covariance Type:                  HAC                                         
==============================================================================
                 coef    std err          z      P>|z|      [0.025      0.975]
------------------------------------------------------------------------------
const          0.0067   3.43e-17   1.95e+14      0.000       0.007       0.007
ERVol12Q      -0.0033   3.62e-17  -9.14e+13      0.000      -0.003      -0.003
Hedge          0.0010   8.42e-17   1.23e+13      0.000       0.001       0.001
DER           -0.0029   2.65e-17   -1.1e+14      0.000      -0.003      -0.003
lnTA           0.0011   9.18e-18   1.18e+14      0.000       0.001       0.001
CR             0.0183   1.41e-16    1.3e+14      0.000       0.018       0.018
Q_2013Q2       0.0039   5.07e-17   7.63e+13      0.000       0.004       0.004
Q_2013Q3       0.0025   1.42e-16   1.76e+13      0.000       0.002       0.002
Q_2013Q4       0.0061   1.23e-16   4.95e+13      0.000       0.006       0.006
Q_2014Q1       0.0066   1.11e-16   5.94e+13      0.000       0.007       0.007
Q_2014Q2       0.0104   8.29e-17   1.25e+14      0.000       0.010       0.010
Q_2014Q3       0.0089   1.38e-16   6.44e+13      0.000       0.009       0.009
Q_2014Q4       0.0106    1.5e-16   7.07e+13      0.000       0.011       0.011
Q_2015Q1       0.0117   1.43e-16   8.15e+13      0.000       0.012       0.012
Q_2015Q2       0.0150   1.26e-16   1.19e+14      0.000       0.015       0.015
Q_2015Q3       0.0085   9.78e-17   8.71e+13      0.000       0.009       0.009
Q_2015Q4       0.0051   1.15e-16   4.46e+13      0.000       0.005       0.005
Q_2016Q1       0.0044   1.23e-16   3.62e+13      0.000       0.004       0.004
Q_2016Q2      -0.0036   1.07e-16  -3.35e+13      0.000      -0.004      -0.004
Q_2016Q3      -0.0075   1.11e-16  -6.74e+13      0.000      -0.007      -0.007
Q_2016Q4      -0.0145   8.73e-17  -1.66e+14      0.000      -0.014      -0.014
Q_2017Q1      -0.0152   1.13e-16  -1.34e+14      0.000      -0.015      -0.015
Q_2017Q2      -0.0193    1.3e-16  -1.48e+14      0.000      -0.019      -0.019
Q_2017Q3      -0.0162    1.1e-16  -1.47e+14      0.000      -0.016      -0.016
Q_2017Q4      -0.0127   1.43e-16  -8.87e+13      0.000      -0.013      -0.013
Q_2018Q1      -0.0171      1e-16  -1.71e+14      0.000      -0.017      -0.017
Q_2018Q2      -0.0130   1.22e-16  -1.06e+14      0.000      -0.013      -0.013
Q_2018Q3      -0.0120   1.07e-16  -1.12e+14      0.000      -0.012      -0.012
Q_2018Q4      -0.0061    1.5e-16  -4.05e+13      0.000      -0.006      -0.006
Q_2019Q1      -0.0104   1.46e-16   -7.1e+13      0.000      -0.010      -0.010
Q_2019Q2      -0.0090   1.53e-16  -5.87e+13      0.000      -0.009      -0.009
Q_2019Q3      -0.0198   1.49e-16  -1.34e+14      0.000      -0.020      -0.020
Q_2019Q4       0.0093   2.13e-16   4.36e+13      0.000       0.009       0.009
Q_2020Q1       0.0122   1.96e-16   6.24e+13      0.000       0.012       0.012
Q_2020Q2      -0.0045   1.37e-16  -3.27e+13      0.000      -0.004      -0.004
Q_2020Q3      -0.0006   1.68e-16   -3.7e+12      0.000      -0.001      -0.001
Q_2020Q4      -0.0118   1.14e-16  -1.04e+14      0.000      -0.012      -0.012
Q_2021Q1      -0.0118   1.61e-16  -7.37e+13      0.000      -0.012      -0.012
Q_2021Q2      -0.0137   1.54e-16  -8.91e+13      0.000      -0.014      -0.014
Q_2021Q3      -0.0061   1.83e-16  -3.36e+13      0.000      -0.006      -0.006
Q_2021Q4      -0.0080   1.67e-16  -4.83e+13      0.000      -0.008      -0.008
Q_2022Q1      -0.0080   1.48e-16  -5.41e+13      0.000      -0.008      -0.008
Q_2022Q2      -0.0091   1.62e-16  -5.61e+13      0.000      -0.009      -0.009
Q_2022Q3      -0.0082   1.64e-16  -4.99e+13      0.000      -0.008      -0.008
Q_2022Q4      -0.0007   1.28e-16   -5.4e+12      0.000      -0.001      -0.001
Q_2023Q1      -0.0012   1.69e-16  -7.33e+12      0.000      -0.001      -0.001
Q_2023Q2      -0.0008   1.18e-16   -6.9e+12      0.000      -0.001      -0.001
Q_2023Q3       0.0008   1.52e-16    5.3e+12      0.000       0.001       0.001
Q_2023Q4       0.0041   1.24e-16   3.28e+13      0.000       0.004       0.004
Q_2024Q1       0.0059   1.47e-16   4.03e+13      0.000       0.006       0.006
Q_2024Q2       0.0064   1.84e-16   3.48e+13      0.000       0.006       0.006
Q_2024Q3       0.0101   1.75e-16   5.75e+13      0.000       0.010       0.010
Q_2024Q4       0.0032   1.76e-16   1.84e+13      0.000       0.003       0.003
Q_2025Q1       0.0045   1.51e-16   2.98e+13      0.000       0.004       0.004
Q_2025Q2       0.0072   1.88e-16   3.85e+13      0.000       0.007       0.007
==============================================================================
Omnibus:                        0.669   Durbin-Watson:                   0.061
Prob(Omnibus):                  0.716   Jarque-Bera (JB):                0.251
Skew:                           0.159   Prob(JB):                        0.882
Kurtosis:                       3.138   Cond. No.                         285.
==============================================================================

Notes:
[1] Standard Errors are heteroscedasticity and autocorrelation robust (HAC) using 4 lags and without small sample correction
[2] The input rank is higher than the number of observations.