                            OLS Regression Results                            
==============================================================================
Dep. Variable:              NetIncome   R-squared:                       1.000
Model:                            OLS   Adj. R-squared:                    nan
Method:                 Least Squares   F-statistic:                 1.244e+29
Date:                Sun, 09 Nov 2025   Prob (F-statistic):                nan
Time:                        21:13:33   Log-Likelihood:                 951.44
No. Observations:                  50   AIC:                            -1803.
Df Residuals:                       0   BIC:                            -1707.
Df Model:                          49                                         
Covariance Type:                  HAC                                         
==============================================================================
                 coef    std err          z      P>|z|      [0.025      0.975]
------------------------------------------------------------------------------
const      -7879.6560   3.34e-10  -2.36e+13      0.000   -7879.656   -7879.656
ERVol12Q    2.753e+04   3.02e-10   9.11e+13      0.000    2.75e+04    2.75e+04
Hedge       1.887e+04   9.42e-10      2e+13      0.000    1.89e+04    1.89e+04
DER        -1.355e+04   2.19e-10   -6.2e+13      0.000   -1.36e+04   -1.36e+04
lnTA        3171.0235   7.69e-11   4.12e+13      0.000    3171.023    3171.023
CR         -1.436e+04   1.48e-09  -9.72e+12      0.000   -1.44e+04   -1.44e+04
Q_2013Q2    -1.59e+04   9.05e-10  -1.76e+13      0.000   -1.59e+04   -1.59e+04
Q_2013Q3   -7.848e+04   1.12e-09     -7e+13      0.000   -7.85e+04   -7.85e+04
Q_2013Q4     -5.3e+04   9.13e-10   -5.8e+13      0.000    -5.3e+04    -5.3e+04
Q_2014Q1   -1.042e+05   8.16e-10  -1.28e+14      0.000   -1.04e+05   -1.04e+05
Q_2014Q2   -4.691e+04   1.31e-09  -3.59e+13      0.000   -4.69e+04   -4.69e+04
Q_2014Q3   -5.027e+04   8.02e-10  -6.27e+13      0.000   -5.03e+04   -5.03e+04
Q_2014Q4   -7.338e+04   1.32e-09  -5.55e+13      0.000   -7.34e+04   -7.34e+04
Q_2015Q1    -7.06e+04   8.09e-10  -8.72e+13      0.000   -7.06e+04   -7.06e+04
Q_2015Q2   -1.282e+05   1.28e-09  -9.98e+13      0.000   -1.28e+05   -1.28e+05
Q_2015Q3     1.02e+06   1.74e-09   5.86e+14      0.000    1.02e+06    1.02e+06
Q_2015Q4   -4.629e+04   1.36e-09   -3.4e+13      0.000   -4.63e+04   -4.63e+04
Q_2016Q1    7708.0199   9.08e-10   8.49e+12      0.000    7708.020    7708.020
Q_2016Q2   -5.664e+04   9.06e-10  -6.26e+13      0.000   -5.66e+04   -5.66e+04
Q_2016Q3   -5.225e+04   1.01e-09  -5.18e+13      0.000   -5.22e+04   -5.22e+04
Q_2016Q4   -1.332e+05   1.13e-09  -1.18e+14      0.000   -1.33e+05   -1.33e+05
Q_2017Q1   -4.956e+04   1.11e-09  -4.46e+13      0.000   -4.96e+04   -4.96e+04
Q_2017Q2    1.973e+04   1.26e-09   1.57e+13      0.000    1.97e+04    1.97e+04
Q_2017Q3   -7.884e+04   8.88e-10  -8.87e+13      0.000   -7.88e+04   -7.88e+04
Q_2017Q4   -6402.8468   1.37e-09  -4.69e+12      0.000   -6402.847   -6402.847
Q_2018Q1   -4.592e+04   1.35e-09  -3.41e+13      0.000   -4.59e+04   -4.59e+04
Q_2018Q2    -9.17e+04   1.44e-09  -6.37e+13      0.000   -9.17e+04   -9.17e+04
Q_2018Q3   -8.524e+04   1.42e-09  -6.01e+13      0.000   -8.52e+04   -8.52e+04
Q_2018Q4    1.138e+05   1.29e-09   8.84e+13      0.000    1.14e+05    1.14e+05
Q_2019Q1   -5.672e+04   1.24e-09  -4.57e+13      0.000   -5.67e+04   -5.67e+04
Q_2019Q2   -7.842e+04   1.37e-09  -5.72e+13      0.000   -7.84e+04   -7.84e+04
Q_2019Q3    -9.14e+04   1.69e-09   -5.4e+13      0.000   -9.14e+04   -9.14e+04
Q_2019Q4   -2.331e+05   1.02e-09  -2.28e+14      0.000   -2.33e+05   -2.33e+05
Q_2020Q1   -4.981e+04   1.35e-09  -3.68e+13      0.000   -4.98e+04   -4.98e+04
Q_2020Q2    3.032e+05   1.16e-09   2.62e+14      0.000    3.03e+05    3.03e+05
Q_2020Q3   -1.559e+04   1.47e-09  -1.06e+13      0.000   -1.56e+04   -1.56e+04
Q_2020Q4    2.264e+04   1.27e-09   1.78e+13      0.000    2.26e+04    2.26e+04
Q_2021Q1    5.853e+04   1.19e-09   4.94e+13      0.000    5.85e+04    5.85e+04
Q_2021Q2    7.553e+04   9.05e-10   8.35e+13      0.000    7.55e+04    7.55e+04
Q_2021Q3    6.676e+04   8.53e-10   7.82e+13      0.000    6.68e+04    6.68e+04
Q_2021Q4    1.924e+04    1.2e-09    1.6e+13      0.000    1.92e+04    1.92e+04
Q_2022Q1    5.821e+04    1.2e-09   4.87e+13      0.000    5.82e+04    5.82e+04
Q_2022Q2    5.156e+04   1.23e-09   4.18e+13      0.000    5.16e+04    5.16e+04
Q_2022Q3   -8682.2928   1.24e-09  -6.99e+12      0.000   -8682.293   -8682.293
Q_2022Q4   -5.497e+04   1.17e-09  -4.69e+13      0.000    -5.5e+04    -5.5e+04
Q_2023Q1    1.474e+04   1.34e-09    1.1e+13      0.000    1.47e+04    1.47e+04
Q_2023Q2   -9382.4866   1.32e-09  -7.13e+12      0.000   -9382.487   -9382.487
Q_2023Q3   -2.843e+04   9.36e-10  -3.04e+13      0.000   -2.84e+04   -2.84e+04
Q_2023Q4   -7135.9396   1.24e-09  -5.74e+12      0.000   -7135.940   -7135.940
Q_2024Q1   -1.904e+04   9.27e-10  -2.05e+13      0.000    -1.9e+04    -1.9e+04
Q_2024Q2   -2.271e+04   1.02e-09  -2.22e+13      0.000   -2.27e+04   -2.27e+04
Q_2024Q3   -4.515e+04    1.1e-09  -4.09e+13      0.000   -4.52e+04   -4.52e+04
Q_2024Q4    6.865e+04   7.83e-10   8.77e+13      0.000    6.86e+04    6.86e+04
Q_2025Q1    1.173e+04   1.25e-09   9.42e+12      0.000    1.17e+04    1.17e+04
Q_2025Q2   -8516.4924   1.16e-09  -7.35e+12      0.000   -8516.492   -8516.492
==============================================================================
Omnibus:                        4.033   Durbin-Watson:                   0.063
Prob(Omnibus):                  0.133   Jarque-Bera (JB):                2.958
Skew:                           0.455   Prob(JB):                        0.228
Kurtosis:                       3.769   Cond. No.                         285.
==============================================================================

Notes:
[1] Standard Errors are heteroscedasticity and autocorrelation robust (HAC) using 4 lags and without small sample correction
[2] The input rank is higher than the number of observations.