                            OLS Regression Results                            
==============================================================================
Dep. Variable:                    ROA   R-squared:                       1.000
Model:                            OLS   Adj. R-squared:                    nan
Method:                 Least Squares   F-statistic:                 3.239e+29
Date:                Sat, 01 Nov 2025   Prob (F-statistic):                nan
Time:                        15:50:03   Log-Likelihood:                 1713.9
No. Observations:                  50   AIC:                            -3328.
Df Residuals:                       0   BIC:                            -3232.
Df Model:                          49                                         
Covariance Type:                  HAC                                         
==============================================================================
                 coef    std err          z      P>|z|      [0.025      0.975]
------------------------------------------------------------------------------
const         -0.0035   7.79e-17  -4.51e+13      0.000      -0.004      -0.004
ERVol12Q       0.0086   7.01e-17   1.22e+14      0.000       0.009       0.009
Hedge          0.0041   2.13e-16    1.9e+13      0.000       0.004       0.004
DER           -0.0047   5.02e-17  -9.38e+13      0.000      -0.005      -0.005
lnTA           0.0013   1.77e-17   7.29e+13      0.000       0.001       0.001
CR            -0.0063   3.25e-16  -1.93e+13      0.000      -0.006      -0.006
Q_2013Q2      -0.0064    2.3e-16  -2.78e+13      0.000      -0.006      -0.006
Q_2013Q3      -0.0275   2.32e-16  -1.18e+14      0.000      -0.027      -0.027
Q_2013Q4      -0.0180   1.86e-16   -9.7e+13      0.000      -0.018      -0.018
Q_2014Q1      -0.0400   2.66e-16  -1.51e+14      0.000      -0.040      -0.040
Q_2014Q2      -0.0157   2.74e-16  -5.73e+13      0.000      -0.016      -0.016
Q_2014Q3      -0.0167   2.71e-16  -6.15e+13      0.000      -0.017      -0.017
Q_2014Q4      -0.0257   2.01e-16  -1.28e+14      0.000      -0.026      -0.026
Q_2015Q1      -0.0245   2.86e-16  -8.58e+13      0.000      -0.025      -0.025
Q_2015Q2      -0.0472   2.73e-16  -1.73e+14      0.000      -0.047      -0.047
Q_2015Q3       0.3364   3.22e-16   1.05e+15      0.000       0.336       0.336
Q_2015Q4      -0.0143   2.67e-16  -5.37e+13      0.000      -0.014      -0.014
Q_2016Q1       0.0003    2.8e-16   1.05e+12      0.000       0.000       0.000
Q_2016Q2      -0.0165   1.94e-16  -8.51e+13      0.000      -0.017      -0.017
Q_2016Q3      -0.0154   2.74e-16  -5.62e+13      0.000      -0.015      -0.015
Q_2016Q4      -0.0360   3.08e-16  -1.17e+14      0.000      -0.036      -0.036
Q_2017Q1      -0.0143   2.55e-16  -5.64e+13      0.000      -0.014      -0.014
Q_2017Q2       0.0029   2.42e-16   1.21e+13      0.000       0.003       0.003
Q_2017Q3      -0.0217   3.71e-16  -5.84e+13      0.000      -0.022      -0.022
Q_2017Q4      -0.0021   2.68e-16  -7.91e+12      0.000      -0.002      -0.002
Q_2018Q1      -0.0147   2.89e-16  -5.08e+13      0.000      -0.015      -0.015
Q_2018Q2      -0.0251   3.29e-16  -7.61e+13      0.000      -0.025      -0.025
Q_2018Q3      -0.0236   3.54e-16  -6.69e+13      0.000      -0.024      -0.024
Q_2018Q4       0.0287   2.65e-16   1.08e+14      0.000       0.029       0.029
Q_2019Q1      -0.0176   2.74e-16   -6.4e+13      0.000      -0.018      -0.018
Q_2019Q2      -0.0218   2.89e-16  -7.57e+13      0.000      -0.022      -0.022
Q_2019Q3      -0.0229   4.69e-16  -4.88e+13      0.000      -0.023      -0.023
Q_2019Q4      -0.0591   3.86e-16  -1.53e+14      0.000      -0.059      -0.059
Q_2020Q1      -0.0143   3.22e-16  -4.43e+13      0.000      -0.014      -0.014
Q_2020Q2       0.0968   2.55e-16    3.8e+14      0.000       0.097       0.097
Q_2020Q3      -0.0046   1.96e-16  -2.37e+13      0.000      -0.005      -0.005
Q_2020Q4       0.0077   2.32e-16   3.33e+13      0.000       0.008       0.008
Q_2021Q1       0.0187   2.49e-16   7.51e+13      0.000       0.019       0.019
Q_2021Q2       0.0241   2.57e-16   9.37e+13      0.000       0.024       0.024
Q_2021Q3       0.0208   3.17e-16   6.58e+13      0.000       0.021       0.021
Q_2021Q4       0.0056   3.03e-16   1.84e+13      0.000       0.006       0.006
Q_2022Q1       0.0161   2.53e-16   6.37e+13      0.000       0.016       0.016
Q_2022Q2       0.0140   3.21e-16   4.35e+13      0.000       0.014       0.014
Q_2022Q3      -0.0017   2.43e-16  -6.96e+12      0.000      -0.002      -0.002
Q_2022Q4      -0.0165   2.56e-16  -6.42e+13      0.000      -0.016      -0.016
Q_2023Q1       0.0034    2.6e-16    1.3e+13      0.000       0.003       0.003
Q_2023Q2      -0.0044   2.28e-16  -1.94e+13      0.000      -0.004      -0.004
Q_2023Q3      -0.0110   2.47e-16  -4.46e+13      0.000      -0.011      -0.011
Q_2023Q4      -0.0041   2.68e-16  -1.52e+13      0.000      -0.004      -0.004
Q_2024Q1      -0.0085   2.65e-16   -3.2e+13      0.000      -0.008      -0.008
Q_2024Q2      -0.0102   2.54e-16  -4.04e+13      0.000      -0.010      -0.010
Q_2024Q3      -0.0190   2.62e-16  -7.24e+13      0.000      -0.019      -0.019
Q_2024Q4       0.0225   2.72e-16   8.28e+13      0.000       0.023       0.023
Q_2025Q1       0.0025    2.9e-16   8.62e+12      0.000       0.002       0.002
Q_2025Q2      -0.0044   3.15e-16   -1.4e+13      0.000      -0.004      -0.004
==============================================================================
Omnibus:                        1.855   Durbin-Watson:                   0.041
Prob(Omnibus):                  0.396   Jarque-Bera (JB):                1.433
Skew:                          -0.415   Prob(JB):                        0.488
Kurtosis:                       2.993   Cond. No.                         285.
==============================================================================

Notes:
[1] Standard Errors are heteroscedasticity and autocorrelation robust (HAC) using 4 lags and without small sample correction
[2] The input rank is higher than the number of observations.